 7.64317841079460e+000    1.99694460359700e+000
 7.68515742128936e+000    1.99704941137953e+000
 7.73913043478261e+000    1.99718416424278e+000
 7.81709145427286e+000    1.98739212284670e+000
 7.83508245877061e+000    1.98743704046778e+000
 7.88905547226387e+000    1.98757179333103e+000
 7.97301349325337e+000    1.97446582966839e+000
 8.00299850074962e+000    1.96122511314250e+000
 8.04497751124438e+000    1.95467213131118e+000
 8.07496251874063e+000    1.93810251997836e+000
 8.10494752623688e+000    1.93151959306632e+000
 8.14692653673163e+000    1.91497992681422e+000
 8.18290854572714e+000    1.90508307763562e+000
 8.21289355322339e+000    1.87186899226818e+000
 8.24887556221889e+000    1.85531435347573e+000
 8.26686656671664e+000    1.82539921783449e+000
 8.30284857571214e+000    1.80884457904204e+000
 8.31484257871064e+000    1.77558557605352e+000
 8.33883058470765e+000    1.74568541295264e+000
 8.35682158920540e+000    1.71244138250449e+000
 8.37481259370315e+000    1.67919735205633e+000
 8.38680659670165e+000    1.65592503348858e+000
 8.38680659670165e+000    1.62596498022627e+000
 8.40479760119940e+000    1.56608979132271e+000
 8.40479760119940e+000    1.53945863286732e+000
 8.40479760119940e+000    1.50616968479808e+000
 8.40479760119940e+000    1.47953852634269e+000
 8.39880059970015e+000    1.44623460573309e+000
 8.38680659670165e+000    1.42956018661774e+000
 8.37481259370315e+000    1.39291239866086e+000
 8.35682158920540e+000    1.34293405893591e+000
 8.34482758620690e+000    1.32293074501364e+000
 8.33283358320840e+000    1.29626964147753e+000
 8.31484257871064e+000    1.27292246020798e+000
 8.29685157421289e+000    1.23958859451765e+000
 8.28485757121439e+000    1.21625638578846e+000
 8.27286356821589e+000    1.19292417705927e+000
 8.25487256371814e+000    1.18289257501742e+000
 8.23688155922039e+000    1.15621649894094e+000
 8.21889055472264e+000    1.13286931767139e+000
 8.19490254872564e+000    1.10617826905455e+000
 8.16491754122939e+000    1.07281445828351e+000
 8.15292353823089e+000    1.05946893397509e+000
 8.13493253373313e+000    1.03945064751246e+000
 8.10494752623688e+000    1.01274462635526e+000
 8.07496251874063e+000    9.96025289618839e-001
 8.04497751124438e+000    9.56003689233945e-001
 8.01499250374813e+000    9.25968773269823e-001
 8.00899550224888e+000    9.09309326694842e-001
 7.97301349325337e+000    8.92575017418055e-001
 7.96701649175412e+000    8.72586676036150e-001
 7.92503748125937e+000    8.42521814991306e-001
 7.89505247376312e+000    8.29131373061805e-001
 7.88305847076462e+000    8.09128059139538e-001
 7.85307346326837e+000    7.79093143175416e-001
 7.82908545727136e+000    7.65717673786276e-001
 7.80509745127436e+000    7.45684414783288e-001
 7.79310344827586e+000    7.38996680088717e-001
 7.77511244377811e+000    7.22307288433014e-001
 7.73913043478261e+000    6.88928505121607e-001
 7.70914542728636e+000    6.55564694350561e-001
 7.63718140929535e+000    6.25424970603912e-001
 7.59520239880060e+000    5.95360109559069e-001
 7.58320839580210e+000    5.72027900829878e-001
 7.55322338830585e+000    5.38664090058832e-001
 7.50524737631184e+000    5.11913151280551e-001
 7.45727136431784e+000    4.71846633274574e-001
 7.43328335832084e+000    4.41826689850814e-001
 7.40329835082459e+000    4.21778458307464e-001
 7.34932533733133e+000    3.78368072954202e-001
 7.31334332833583e+000    3.38331500028947e-001
 7.32533733133433e+000    3.21716971075048e-001
