 7.18140929535232e+000    1.94585829588535e+000
 7.19940029985008e+000    1.94590321350643e+000
 7.22338830584708e+000    1.94596310366787e+000
 7.25337331334333e+000    1.94936686117660e+000
 7.27736131934033e+000    1.94276896172420e+000
 7.30734632683658e+000    1.94617271923293e+000
 7.33733133433283e+000    1.93958979232088e+000
 7.37931034482759e+000    1.93969460010341e+000
 7.42128935532234e+000    1.92648382865824e+000
 7.46926536731634e+000    1.90663024013958e+000
 7.49325337331334e+000    1.89337455107333e+000
 7.51724137931035e+000    1.88344775681400e+000
 7.54122938530735e+000    1.86686317294083e+000
 7.56521739130435e+000    1.84694969426073e+000
 7.59520239880060e+000    1.82705118812099e+000
 7.60719640179910e+000    1.80044997474632e+000
 7.61319340329835e+000    1.78382047325206e+000
 7.61319340329835e+000    1.76384710441051e+000
 7.63718140929535e+000    1.74060473092349e+000
 7.63718140929535e+000    1.71730246727502e+000
 7.63718140929535e+000    1.68734241401270e+000
 7.63718140929535e+000    1.67069793997808e+000
 7.63718140929535e+000    1.64073788671576e+000
 7.63718140929535e+000    1.62076451787422e+000
 7.63718140929535e+000    1.60744893864652e+000
 7.63718140929535e+000    1.57748888538421e+000
 7.64917541229385e+000    1.56420325123723e+000
 7.64917541229385e+000    1.54755877720261e+000
 7.64317841079460e+000    1.52757043582070e+000
 7.64317841079460e+000    1.50759706697916e+000
 7.65517241379310e+000    1.49431143283219e+000
 7.64917541229385e+000    1.46433640702951e+000
 7.63718140929535e+000    1.44100419830032e+000
 7.63718140929535e+000    1.41104414503800e+000
 7.63718140929535e+000    1.38108409177568e+000
 7.62518740629685e+000    1.35442298823957e+000
 7.61319340329835e+000    1.32110409508961e+000
 7.61319340329835e+000    1.30113072624806e+000
 7.61919040479760e+000    1.28450122475380e+000
 7.59520239880060e+000    1.24782349171619e+000
 7.60719640179910e+000    1.25118233160384e+000
 7.61919040479760e+000    1.27451454033303e+000
 7.61319340329835e+000    1.26784177817882e+000
 7.58920539730135e+000    1.23116404514121e+000
 7.58920539730135e+000    1.20453288668582e+000
 7.58920539730135e+000    1.19454620226505e+000
 7.57721139430285e+000    1.17454288834278e+000
 7.56521739130435e+000    1.15121067961359e+000
 7.56521739130435e+000    1.14122399519282e+000
 7.56521739130435e+000    1.12790841596512e+000
 7.54722638680660e+000    1.09124565546787e+000
 7.53523238380810e+000    1.07457123635253e+000
 7.52923538230885e+000    1.04792510535678e+000
 7.52923538230885e+000    1.03460952612908e+000
 7.51724137931035e+000    1.01127731739989e+000
 7.51124437781109e+000    9.91288976017983e-001
 7.49325337331334e+000    9.54626215520735e-001
 7.47526236881559e+000    9.41265718671956e-001
 7.46926536731634e+000    9.24606272096974e-001
 7.46326836581709e+000    9.01289035908144e-001
 7.45127436281859e+000    8.77956827178954e-001
 7.43328335832084e+000    8.47951856295554e-001
 7.42128935532234e+000    8.21290752759439e-001
 7.40329835082459e+000    8.04601361103736e-001
 7.39130434782609e+000    7.64624678339925e-001
 7.37931034482759e+000    7.37963574803810e-001
 7.36731634182909e+000    7.24618050495391e-001
 7.34932533733133e+000    6.94613079611992e-001
 7.32533733133433e+000    6.54606451767458e-001
 7.31334332833583e+000    6.34603137845192e-001
 7.30134932533733e+000    6.14599823922925e-001
 7.28335832083958e+000    5.87923747846450e-001
 7.27736131934033e+000    5.67935406464544e-001
 7.27136431784108e+000    5.44618170275714e-001
 7.26536731634183e+000    5.27958723700733e-001
 7.24137931034483e+000    5.11254359504668e-001
 7.24137931034483e+000    4.84623201049276e-001
 7.24137931034483e+000    4.67978727014655e-001
 7.23538230884558e+000    4.44661490825825e-001
 7.22938530734633e+000    4.28002044250844e-001
 7.22938530734633e+000    4.08028675409299e-001
 7.22938530734633e+000    3.94713096181603e-001
 7.22938530734633e+000    3.88055306567755e-001
 7.22338830584708e+000    3.61409175572001e-001
 7.22338830584708e+000    3.44764701537380e-001
 7.24137931034483e+000    3.21507355509995e-001
 7.25337331334333e+000    3.14879510976868e-001
