 5.42428785607196e+000    1.66850196739180e+000
 5.50824587706147e+000    1.66538268814993e+000
 5.67016491754123e+000    1.64914247270506e+000
 5.82608695652174e+000    1.60958502107136e+000
 5.96401799100450e+000    1.54335149336118e+000
 6.06596701649175e+000    1.48368592002268e+000
 6.17391304347826e+000    1.37077300231376e+000
 6.23988005997002e+000    1.27107085605000e+000
 6.26386806596702e+000    1.18457948123142e+000
 6.28785607196402e+000    1.07811473757129e+000
 6.28785607196402e+000    1.00155015701204e+000
 6.26986506746627e+000    9.18282869217854e-001
 6.27586206896552e+000    8.58377735233582e-001
 6.24587706146927e+000    7.85067186779447e-001
 6.22788605697151e+000    7.11786583406033e-001
 6.18590704647676e+000    6.35117195064252e-001
 6.18590704647676e+000    5.58552614504998e-001
 6.17391304347826e+000    5.25233721355035e-001
 6.16791604197901e+000    4.51983063062344e-001
 6.18590704647676e+000    3.88778979351869e-001
 6.20389805097451e+000    3.35561580062166e-001
 6.19790104947526e+000    3.62177765977198e-001
 6.21589205397301e+000    3.18947051108267e-001
