 7.19340329835082e+000    2.39196014509390e+000
 7.22338830584708e+000    2.38870611298878e+000
 7.25337331334333e+000    2.38212318607674e+000
 7.31934032983508e+000    2.37895898921378e+000
 7.35532233883058e+000    2.37571992964902e+000
 7.43928035982009e+000    2.36594286079331e+000
 7.51724137931035e+000    2.34949302978338e+000
 7.55922038980510e+000    2.33628225833821e+000
 7.58920539730135e+000    2.32304154181232e+000
 7.64917541229385e+000    2.30321789837438e+000
 7.69115442278861e+000    2.27669154770152e+000
 7.75112443778111e+000    2.23689453542204e+000
 7.80509745127436e+000    2.20374034021604e+000
 7.81709145427286e+000    2.17048133722752e+000
 7.87106446776612e+000    2.10736708875922e+000
 7.89505247376312e+000    2.06748024123757e+000
 7.91904047976012e+000    2.01427781448823e+000
 7.93703148425787e+000    1.98103378404007e+000
 7.94902548725637e+000    1.91448583298231e+000
 7.96101949025487e+000    1.86791125076610e+000
 7.97301349325337e+000    1.82466556335680e+000
 7.97301349325337e+000    1.78471882567371e+000
 7.97301349325337e+000    1.73478540356985e+000
 7.97301349325337e+000    1.69150977107984e+000
 7.97301349325337e+000    1.64157634897598e+000
 7.97301349325337e+000    1.59830071648596e+000
 7.96101949025487e+000    1.56498182333600e+000
 7.94902548725637e+000    1.50170287692372e+000
 7.93103448275862e+000    1.45838232681263e+000
 7.91904047976012e+000    1.41507674924189e+000
 7.90704647676162e+000    1.37177117167116e+000
 7.86506746626687e+000    1.29177288852245e+000
 7.86506746626687e+000    1.24183946641859e+000
 7.84707646176912e+000    1.20184781111442e+000
 7.82308845577211e+000    1.16517007807681e+000
 7.79310344827586e+000    1.09851731923652e+000
 7.78710644677661e+000    1.07852897785461e+000
 7.72713643178411e+000    1.00847246150560e+000
 7.70914542728636e+000    9.35191858132186e-001
 7.67316341829086e+000    8.88497495593082e-001
 7.63118440779610e+000    8.38459265706694e-001
 7.58320839580210e+000    7.21828167141463e-001
 7.52923538230885e+000    6.65102202560504e-001
 7.50524737631184e+000    6.18437785102123e-001
 7.43928035982009e+000    5.41708506598898e-001
 7.40929535232384e+000    5.11673590634776e-001
 7.39730134932534e+000    4.68368013064041e-001
 7.35532233883058e+000    3.95027519529183e-001
 7.35532233883058e+000    3.55080781846094e-001
 7.37331334332834e+000    3.21836751397936e-001
