 6.82158920539730e+000    2.25121826570070e+000
 6.87556221889056e+000    2.25135301856395e+000
 6.99550224887556e+000    2.24499467975733e+000
 7.06146926536732e+000    2.23850158808745e+000
 7.12743628185907e+000    2.22202181199680e+000
 7.16941529235382e+000    2.21213993535855e+000
 7.21739130434783e+000    2.19561524164682e+000
 7.30134932533733e+000    2.16586480394956e+000
 7.36731634182909e+000    2.12608276421044e+000
 7.43328335832084e+000    2.08630072447132e+000
 7.48125937031484e+000    2.05646045153189e+000
 7.50524737631184e+000    2.02988918323794e+000
 7.54122938530735e+000    1.99669007041087e+000
 7.55922038980510e+000    1.94680156592809e+000
 7.60719640179910e+000    1.88700123972634e+000
 7.62518740629685e+000    1.84044163005049e+000
 7.65517241379310e+000    1.77060970180689e+000
 7.66716641679160e+000    1.69407506632835e+000
 7.67916041979010e+000    1.62419822046367e+000
 7.68515742128936e+000    1.55430640205862e+000
 7.67916041979010e+000    1.49770021780055e+000
 7.67316341829086e+000    1.42444955950786e+000
 7.67316341829086e+000    1.35121387375553e+000
 7.65517241379310e+000    1.29124884960982e+000
 7.64917541229385e+000    1.23131377054482e+000
 7.61919040479760e+000    1.17131880131838e+000
 7.61919040479760e+000    1.12804316882837e+000
 7.59520239880060e+000    1.07139206694922e+000
 7.56521739130435e+000    9.64792570425839e-001
 7.56521739130435e+000    9.68121465232763e-001
 7.53523238380810e+000    9.14784285620173e-001
 7.51724137931035e+000    8.64805945895228e-001
 7.48125937031484e+000    7.88151530093808e-001
 7.45727136431784e+000    7.38158217828503e-001
 7.44527736131934e+000    6.98181535064691e-001
 7.42728635682159e+000    6.64847669374367e-001
 7.40929535232384e+000    6.08211540035575e-001
 7.39730134932534e+000    5.51590383237143e-001
 7.39730134932534e+000    5.01656961133282e-001
 7.37931034482759e+000    4.48349726601413e-001
 7.38530734632684e+000    4.01760171844837e-001
 7.40929535232384e+000    3.55215534709343e-001
 7.43928035982009e+000    3.15343659728059e-001
