 6.56971514242879e+000    1.91769993831313e+000
 6.58770614692654e+000    1.91774485593422e+000
 6.61769115442279e+000    1.91116192902217e+000
 6.65367316341829e+000    1.91125176426434e+000
 6.69565217391304e+000    1.90469878243302e+000
 6.73763118440780e+000    1.88815911618092e+000
 6.83358320839580e+000    1.87508309759900e+000
 6.92353823088456e+000    1.84534763244210e+000
 7.01949025487256e+000    1.82228492943941e+000
 7.07946026986507e+000    1.78914570677378e+000
 7.16341829085457e+000    1.73942190023497e+000
 7.23538230884558e+000    1.69632593822929e+000
 7.32533733133433e+000    1.62664373538930e+000
 7.38530734632684e+000    1.58018893349597e+000
 7.45727136431784e+000    1.52044849745567e+000
 7.48725637181409e+000    1.47391883286053e+000
 7.54722638680660e+000    1.40749066212566e+000
 7.59520239880060e+000    1.32105917746852e+000
 7.61319340329835e+000    1.29114404182729e+000
 7.62518740629685e+000    1.24124056480415e+000
 7.66716641679160e+000    1.18142526606204e+000
 7.65517241379310e+000    1.14810637291208e+000
 7.66716641679160e+000    1.09154510627509e+000
 7.68515742128936e+000    1.02834102256462e+000
 7.68515742128936e+000    9.58434231619210e-001
 7.68515742128936e+000    8.81869651059956e-001
 7.70914542728636e+000    8.25338329503690e-001
 7.74512743628186e+000    7.58850268607374e-001
 7.76311844077961e+000    6.62357236827658e-001
 7.79310344827586e+000    6.12498677425601e-001
 7.83508245877061e+000    5.26052220228102e-001
 7.87706146926537e+000    4.96196974748312e-001
 7.97901049475262e+000    4.39860296216739e-001
 8.12293853073463e+000    3.80299530660768e-001
 8.27286356821589e+000    3.57371580521324e-001
 8.34482758620690e+000    3.40906776971035e-001
 8.42278860569715e+000    3.27785840768031e-001
 8.47676161919041e+000    3.17933909210508e-001
