 8.16491754122939e+000    2.42767464470162e+000
 8.21889055472264e+000    2.42780939756487e+000
 8.28485757121439e+000    2.42131630589499e+000
 8.35682158920540e+000    2.40818039715162e+000
 8.40479760119940e+000    2.39165570343989e+000
 8.45877061469265e+000    2.37847487707544e+000
 8.51874062968516e+000    2.35865123363751e+000
 8.58470764617691e+000    2.32552698351224e+000
 8.63868065967016e+000    2.30901726234087e+000
 8.69865067466267e+000    2.26256246044754e+000
 8.76461769115442e+000    2.19282036744610e+000
 8.83658170914543e+000    2.12642214179195e+000
 8.87256371814093e+000    2.08323634454411e+000
 8.88455772113943e+000    2.03333286752097e+000
 8.91454272863568e+000    1.98347430811891e+000
 8.93853073463268e+000    1.92694298656264e+000
 8.95652173913043e+000    1.86706779765909e+000
 8.95652173913043e+000    1.82379216516908e+000
 8.96251874062968e+000    1.72726918830864e+000
 8.96251874062968e+000    1.69398024023940e+000
 8.96251874062968e+000    1.65736239736324e+000
 8.96851574212894e+000    1.62408842183436e+000
 8.96851574212894e+000    1.54419494646818e+000
 8.94452773613193e+000    1.49753052900980e+000
 8.94452773613193e+000    1.43095263287131e+000
 8.94452773613193e+000    1.39100589518822e+000
 8.93853073463268e+000    1.33439971093015e+000
 8.90854572713643e+000    1.25110247805525e+000
 8.90854572713643e+000    1.20782684556523e+000
 8.87856071964018e+000    1.14783187633879e+000
 8.85457271364318e+000    1.10116745888041e+000
 8.84857571214393e+000    1.02791680058772e+000
 8.82458770614693e+000    9.77923488322417e-001
 8.80659670164918e+000    9.27945148597472e-001
 8.79460269865067e+000    8.61337307378268e-001
 8.78260869565217e+000    7.98058360965988e-001
 8.76461769115442e+000    7.44751126434120e-001
 8.75862068965517e+000    7.01460521403745e-001
 8.78260869565217e+000    6.48258094654404e-001
 8.78860569715143e+000    5.81695171056283e-001
 8.82458770614693e+000    5.35180479001511e-001
 8.84257871064468e+000    5.08594238167201e-001
 8.87856071964018e+000    4.92039599374747e-001
 8.97451274362819e+000    4.49003527530509e-001
 9.03448275862069e+000    4.12535410057954e-001
 9.16641679160420e+000    3.79575857876654e-001
 9.26836581709145e+000    3.59857022221246e-001
 9.40629685157421e+000    3.36899127001080e-001
 9.47826086956522e+000    3.20434323450791e-001
