 6.98350824587706e+000    2.26160920871122e+000
 7.01349325337331e+000    2.25835517660610e+000
 7.05547226386807e+000    2.25845998438863e+000
 7.11544227886057e+000    2.25528081498532e+000
 7.19340329835082e+000    2.24548877358924e+000
 7.25337331334333e+000    2.24563849899285e+000
 7.31934032983508e+000    2.22915872290220e+000
 7.40329835082459e+000    2.20606607481878e+000
 7.47526236881559e+000    2.17628569204080e+000
 7.56521739130435e+000    2.14322133207697e+000
 7.63718140929535e+000    2.10345426487821e+000
 7.68515742128936e+000    2.05696951790416e+000
 7.74512743628186e+000    2.01051471601084e+000
 7.79910044977511e+000    1.94740046754253e+000
 7.85307346326837e+000    1.88761511388114e+000
 7.86506746626687e+000    1.83771163685800e+000
 7.89505247376312e+000    1.78119528784210e+000
 7.91904047976012e+000    1.73132175589968e+000
 7.92503748125937e+000    1.67474551672233e+000
 7.92503748125937e+000    1.64145656865309e+000
 7.92503748125937e+000    1.58819425174230e+000
 7.92503748125937e+000    1.52161635560382e+000
 7.92503748125937e+000    1.46502514388611e+000
 7.92503748125937e+000    1.41509172178225e+000
 7.91904047976012e+000    1.38178780117265e+000
 7.91304347826087e+000    1.32185272210765e+000
 7.88305847076462e+000    1.27184443730199e+000
 7.85307346326837e+000    1.19853388884785e+000
 7.83508245877061e+000    1.14855554912291e+000
 7.81709145427286e+000    1.11522168343258e+000
 7.79310344827586e+000    1.06189947636036e+000
 7.76311844077961e+000    9.98575612326992e-001
 7.71514242878561e+000    9.38535725479471e-001
 7.69715142428786e+000    8.95215175368374e-001
 7.64317841079460e+000    8.38489210787416e-001
 7.59520239880060e+000    7.65133744712198e-001
 7.52923538230885e+000    7.08377835050517e-001
 7.49925037481259e+000    6.61698445051775e-001
 7.40929535232384e+000    5.88238171194030e-001
 7.37931034482759e+000    5.38229886388364e-001
 7.33733133433283e+000    4.98178340922748e-001
 7.29535232383808e+000    4.44811216229435e-001
 7.26536731634183e+000    4.14776300265313e-001
 7.23538230884558e+000    3.74754699880419e-001
 7.23538230884558e+000    3.44794646618102e-001
 7.22938530734633e+000    3.14819620815425e-001
