 7.70914542728636e+000    1.97380703789251e+000
 7.76911544227886e+000    1.97062786848919e+000
 7.86506746626687e+000    1.97419632394189e+000
 7.95502248875562e+000    1.96443422762653e+000
 8.01499250374813e+000    1.96458395303014e+000
 8.10494752623688e+000    1.95482185671479e+000
 8.18890554722639e+000    1.94837368266599e+000
 8.24887556221889e+000    1.94186561845575e+000
 8.32683658170915e+000    1.93207357705967e+000
 8.42878560719640e+000    1.91235474140426e+000
 8.49475262368816e+000    1.90919054454131e+000
 8.55472263868066e+000    1.89269579591030e+000
 8.62668665667166e+000    1.86624430793924e+000
 8.70464767616192e+000    1.84979447692931e+000
 8.78860569715143e+000    1.82670182884590e+000
 8.82458770614693e+000    1.81680497966729e+000
 8.87856071964018e+000    1.80029525849592e+000
 8.98650674662669e+000    1.76727581615318e+000
 9.05847076461769e+000    1.74415322298904e+000
 9.11844077961019e+000    1.72432957955110e+000
 9.18440779610195e+000    1.69453422423276e+000
 9.28635682158921e+000    1.63153975608734e+000
 9.37631184407796e+000    1.59514650131659e+000
 9.44227886056972e+000    1.55869335638439e+000
 9.51424287856072e+000    1.49562402553716e+000
 9.59820089955022e+000    1.43591353457758e+000
 9.65217391304348e+000    1.36281260168850e+000
 9.70614692653673e+000    1.29636945841327e+000
 9.74812593703149e+000    1.23655415967116e+000
 9.80209895052474e+000    1.17676880600978e+000
 9.80809595202399e+000    1.12019256683243e+000
 9.84407796101949e+000    1.06369119035689e+000
 9.89805097451274e+000    1.03053699515089e+000
 9.92803598200900e+000    9.67362856521140e-001
 9.97601199400300e+000    9.00904740705546e-001
 1.00059970014992e+001    8.51046181303489e-001
 1.00959520239880e+001    7.81363978463498e-001
 1.01139430284858e+001    7.44791053208416e-001
 1.01739130434783e+001    6.95007356508164e-001
 1.02338830584708e+001    6.68525923456381e-001
 1.02938530734633e+001    6.45373385211522e-001
 1.03538230884558e+001    6.15563057352815e-001
 1.03778110944528e+001    5.98978473479638e-001
