 7.05547226386807e+000    1.66258781394922e+000
 7.09745127436282e+000    1.66269262173174e+000
 7.14542728635682e+000    1.65948350724771e+000
 7.20539730134933e+000    1.65963323265132e+000
 7.29535232383808e+000    1.66318671556366e+000
 7.38530734632684e+000    1.65675351405522e+000
 7.46926536731634e+000    1.65696312962028e+000
 7.52923538230885e+000    1.65711285502389e+000
 7.60719640179910e+000    1.65730749804858e+000
 7.67316341829086e+000    1.64748551157178e+000
 7.74512743628186e+000    1.64433628724918e+000
 7.80509745127436e+000    1.64448601265279e+000
 7.86506746626687e+000    1.64130684324948e+000
 7.93703148425787e+000    1.63815761892689e+000
 8.00899550224888e+000    1.62835060499045e+000
 8.07496251874063e+000    1.62518640812749e+000
 8.16491754122939e+000    1.61209541700521e+000
 8.29685157421289e+000    1.59910923366546e+000
 8.35682158920540e+000    1.59260116945522e+000
 8.40479760119940e+000    1.58939205497118e+000
 8.46476761619190e+000    1.58288399076094e+000
 8.54272863568216e+000    1.58307863378564e+000
 8.61469265367316e+000    1.56661383023535e+000
 8.69265367316342e+000    1.56680847326004e+000
 8.78260869565217e+000    1.55704637694468e+000
 8.83658170914543e+000    1.54719444538716e+000
 8.91454272863568e+000    1.54406019360493e+000
 8.98650674662669e+000    1.53425317966849e+000
 9.05247376311844e+000    1.52443119319169e+000
 9.18440779610195e+000    1.50145832543116e+000
 9.21439280359820e+000    1.49154650371219e+000
 9.26236881559220e+000    1.48167959961431e+000
 9.29235382308846e+000    1.46510998828149e+000
 9.31634182908546e+000    1.45185429921524e+000
 9.35832083958021e+000    1.44863021219084e+000
 9.38830584707646e+000    1.41874502163033e+000
 9.42428785607196e+000    1.40219038283788e+000
 9.45427286356822e+000    1.38562077150506e+000
 9.51424287856072e+000    1.34915265403250e+000
 9.53223388305847e+000    1.31923751839127e+000
 9.54422788605697e+000    1.29263630501660e+000
 9.56821589205397e+000    1.26273614191573e+000
 9.57421289355322e+000    1.23611995600069e+000
 9.58620689655172e+000    1.20951874262602e+000
 9.59220389805098e+000    1.18623145151792e+000
 9.59220389805098e+000    1.15960029306252e+000
 9.60419790104947e+000    1.11968350046016e+000
 9.61619190404798e+000    1.08642449747164e+000
 9.62818590704648e+000    1.05316549448312e+000
 9.65217391304348e+000    1.00994975215455e+000
 9.65217391304348e+000    9.70003014471459e-001
 9.66416791604198e+000    9.36744011482940e-001
 9.66416791604198e+000    9.00126168606775e-001
 9.66416791604198e+000    8.63508325730610e-001
 9.66416791604198e+000    8.30219377661369e-001
 9.66416791604198e+000    7.86943745171356e-001
 9.66416791604198e+000    7.53654797102115e-001
 9.66416791604198e+000    7.30352533453646e-001
 9.67616191904048e+000    7.03751320078975e-001
 9.68215892053973e+000    6.70477344550095e-001
 9.69415292353823e+000    6.53862815596197e-001
 9.69415292353823e+000    6.33889446754652e-001
 9.69415292353823e+000    5.83956024650790e-001
 9.69415292353823e+000    5.53995971388474e-001
 9.71214392803598e+000    5.14094151326467e-001
 9.71814092953523e+000    4.70833491376815e-001
 9.74212893553223e+000    4.37604433469018e-001
 9.77211394302849e+000    4.14377032522354e-001
 9.79610194902549e+000    3.81147974614557e-001
 9.83808095952024e+000    3.61279413555539e-001
 9.85607196401799e+000    3.38022067528153e-001
 9.89805097451274e+000    3.28140190889908e-001
