 7.80509745127436e+000    1.79428627896438e+000
 7.83508245877061e+000    1.79436114166618e+000
 7.88905547226387e+000    1.79449589452943e+000
 7.95502248875562e+000    1.79466059247340e+000
 8.02698650674663e+000    1.79484026295774e+000
 8.07496251874063e+000    1.79496004328062e+000
 8.13493253373313e+000    1.79178087387731e+000
 8.18890554722639e+000    1.78858673193363e+000
 8.23688155922039e+000    1.78204872264267e+000
 8.30884557721139e+000    1.77889949832008e+000
 8.35682158920540e+000    1.76570369941527e+000
 8.40479760119940e+000    1.76249458493124e+000
 8.46476761619190e+000    1.74932873110715e+000
 8.51874062968516e+000    1.74613458916347e+000
 8.55472263868066e+000    1.73956663479179e+000
 8.60869565217391e+000    1.72971470323427e+000
 8.64467766116942e+000    1.70650227482797e+000
 8.68665667166417e+000    1.69662039818972e+000
 8.74662668665667e+000    1.68345454436563e+000
 8.90854572713643e+000    1.61395201200997e+000
 8.94452773613193e+000    1.58408179398982e+000
 8.99250374812594e+000    1.56422820547117e+000
 9.03448275862069e+000    1.53437295999138e+000
 9.05247376311844e+000    1.50778671915707e+000
 9.08845577211394e+000    1.47791650113692e+000
 9.11244377811094e+000    1.45134523284297e+000
 9.12443778110945e+000    1.41808622985445e+000
 9.13643178410795e+000    1.40812949051440e+000
 9.15442278860570e+000    1.37488546006624e+000
 9.17241379310345e+000    1.35162811403885e+000
 9.18440779610195e+000    1.32835579547111e+000
 9.18440779610195e+000    1.30172463701571e+000
 9.17841079460270e+000    1.26842071640611e+000
 9.17241379310345e+000    1.23511679579651e+000
 9.17241379310345e+000    1.21181453214804e+000
 9.18440779610195e+000    1.19520000319414e+000
 9.18440779610195e+000    1.16191105512490e+000
 9.17241379310345e+000    1.12526326716801e+000
 9.16641679160420e+000    1.10860382059303e+000
 9.16641679160420e+000    1.06865708290994e+000
 9.15442278860570e+000    1.04199597937383e+000
 9.15442278860570e+000    1.01203592611151e+000
 9.12443778110945e+000    9.82001010147390e-001
 9.12443778110945e+000    9.48712062078149e-001
 9.11244377811094e+000    9.08735379314338e-001
 9.10644677661169e+000    8.65444774283963e-001
 9.09445277361319e+000    8.32125881134000e-001
 9.07646176911544e+000    8.08778699864449e-001
 9.06446776611694e+000    7.68802017100637e-001
 9.04647676161919e+000    7.32139256603389e-001
 9.03448275862069e+000    6.85504784225730e-001
 9.02248875562219e+000    6.58843680689615e-001
 9.00449775112444e+000    6.28838709806215e-001
 8.99250374812594e+000    5.98848711463177e-001
 8.96251874062968e+000    5.52169321464434e-001
 8.95652173913043e+000    5.18865400854832e-001
 8.94452773613193e+000    4.62244244056401e-001
 8.94452773613193e+000    4.28955295987160e-001
 8.95652173913043e+000    3.85709608577868e-001
 8.97451274362819e+000    3.45807788515862e-001
 8.99250374812594e+000    3.25879337295400e-001
