 7.83508245877061e+000    2.03737046257164e+000
 7.88305847076462e+000    2.04081913770146e+000
 7.93703148425787e+000    2.03762499575778e+000
 8.00299850074962e+000    2.03113190408790e+000
 8.07496251874063e+000    2.02798267976531e+000
 8.12893553223388e+000    2.02145964301471e+000
 8.19490254872564e+000    2.02162434095868e+000
 8.25487256371814e+000    2.01178738194152e+000
 8.30284857571214e+000    2.00857826745748e+000
 8.34482758620690e+000    1.99869639081924e+000
 8.39880059970015e+000    1.99217335406864e+000
 8.50674662668666e+000    1.97246949095359e+000
 8.55472263868066e+000    1.95594479724186e+000
 8.65667166416792e+000    1.92291038235875e+000
 8.73463268365817e+000    1.89647386692805e+000
 8.85457271364318e+000    1.84351100082449e+000
 8.89655172413793e+000    1.82364243976547e+000
 8.90854572713643e+000    1.80037012119772e+000
 8.95652173913043e+000    1.76720095345137e+000
 8.97451274362819e+000    1.73395692300321e+000
 9.00449775112444e+000    1.72404510128424e+000
 9.02848575712144e+000    1.69414493818337e+000
 9.06446776611694e+000    1.66760361497014e+000
 9.09445277361319e+000    1.62773173998886e+000
 9.11844077961019e+000    1.59450268208106e+000
 9.13643178410795e+000    1.56458754643983e+000
 9.15442278860570e+000    1.53467241079860e+000
 9.14842578710645e+000    1.48472401615437e+000
 9.17241379310345e+000    1.42486379979118e+000
 9.16641679160420e+000    1.39821766879543e+000
 9.16641679160420e+000    1.37491540514696e+000
 9.16641679160420e+000    1.34162645707772e+000
 9.16641679160420e+000    1.32498198304310e+000
 9.16641679160420e+000    1.29502192978078e+000
 9.16641679160420e+000    1.26506187651847e+000
 9.16641679160420e+000    1.23177292844922e+000
 9.14842578710645e+000    1.17846569391736e+000
 9.14242878560720e+000    1.15847735253545e+000
 9.14242878560720e+000    1.12851729927313e+000
 9.13643178410795e+000    1.09188448385661e+000
 9.10644677661169e+000    1.06517846269941e+000
 9.10644677661169e+000    1.02523172501632e+000
 9.08245877061469e+000    9.81896202364863e-001
 9.06446776611694e+000    9.41904547060691e-001
 9.03448275862069e+000    9.25185210324265e-001
 9.03448275862069e+000    8.91896262255024e-001
 9.02848575712144e+000    8.48605657224650e-001
 8.97451274362819e+000    7.85221903029843e-001
 8.94452773613193e+000    7.35213618224177e-001
 8.91454272863568e+000    6.91863123032359e-001
 8.89655172413793e+000    6.48542572921262e-001
 8.85457271364318e+000    6.01833237841798e-001
 8.82458770614693e+000    5.41838268615359e-001
 8.80659670164918e+000    4.98517718504263e-001
 8.78860569715143e+000    4.48539378779319e-001
 8.78260869565217e+000    4.08577668555869e-001
 8.78260869565217e+000    3.58644246452007e-001
 8.79460269865067e+000    3.25385243463488e-001
