 7.59520239880060e+000    2.47951457027811e+000
 7.62518740629685e+000    2.47958943297991e+000
 7.67916041979010e+000    2.47972418584316e+000
 7.73913043478261e+000    2.47321612163293e+000
 7.79910044977511e+000    2.46337916261576e+000
 7.87706146926537e+000    2.45358712121968e+000
 7.94302848575712e+000    2.43044955551519e+000
 7.99700149925038e+000    2.42059762395766e+000
 8.04497751124438e+000    2.38742845621131e+000
 8.10494752623688e+000    2.36427591796645e+000
 8.15292353823089e+000    2.32112006579932e+000
 8.19490254872564e+000    2.27462034628491e+000
 8.21289355322339e+000    2.24470521064368e+000
 8.24287856071964e+000    2.19151775643470e+000
 8.25487256371814e+000    2.15492985863926e+000
 8.27286356821589e+000    2.12168582819110e+000
 8.28485757121439e+000    2.07511124597488e+000
 8.28485757121439e+000    2.03849340309872e+000
 8.30284857571214e+000    2.00524937265056e+000
 8.30884557721139e+000    1.95865981789398e+000
 8.30884557721139e+000    1.91205529059705e+000
 8.30884557721139e+000    1.86212186849318e+000
 8.30884557721139e+000    1.82217513081009e+000
 8.30884557721139e+000    1.77889949832008e+000
 8.30884557721139e+000    1.74228165544392e+000
 8.29685157421289e+000    1.70563386748703e+000
 8.28485757121439e+000    1.65567050030245e+000
 8.27886056971514e+000    1.61570879007900e+000
 8.27886056971514e+000    1.57576205239591e+000
 8.24887556221889e+000    1.52242487278332e+000
 8.23688155922039e+000    1.47246150559873e+000
 8.21889055472264e+000    1.42914095548764e+000
 8.19490254872564e+000    1.37914764322233e+000
 8.18890554722639e+000    1.35583040703350e+000
 8.16491754122939e+000    1.32248156880282e+000
 8.14692653673163e+000    1.28914770311249e+000
 8.14692653673163e+000    1.25918764985017e+000
 8.11694152923538e+000    1.22249494427220e+000
 8.09895052473763e+000    1.18916107858188e+000
 8.08695652173913e+000    1.15917108023884e+000
 8.06296851574213e+000    1.13248003162201e+000
 8.05697151424288e+000    1.10916279543318e+000
 8.04497751124438e+000    1.07584390228321e+000
 8.01499250374813e+000    1.04580898631909e+000
 7.98500749625187e+000    9.92471806706500e-001
 7.94902548725637e+000    9.62421918202018e-001
 7.91304347826087e+000    9.22385345276762e-001
 7.88305847076462e+000    8.72377060471096e-001
 7.85307346326837e+000    8.29026565279278e-001
 7.80509745127436e+000    7.88960047273301e-001
 7.75712143928036e+000    7.32249055232703e-001
 7.73313343328336e+000    6.98900217002018e-001
 7.68515742128936e+000    6.48847014575269e-001
 7.62518740629685e+000    5.95434972260874e-001
 7.58920539730135e+000    5.55398399335619e-001
 7.54722638680660e+000    5.12017959063078e-001
 7.52923538230885e+000    4.62039619338134e-001
 7.50524737631184e+000    4.45335255142069e-001
 7.45727136431784e+000    3.88624263101472e-001
 7.43928035982009e+000    3.41974818183452e-001
 7.43328335832084e+000    3.21986476801546e-001
