 8.97451274362819e+000    2.77922989237738e+000
 9.01649175412294e+000    2.77933470015991e+000
 9.09445277361319e+000    2.77287155357075e+000
 9.15442278860570e+000    2.75637680493974e+000
 9.22638680659670e+000    2.74989868581022e+000
 9.29835082458771e+000    2.72344719783916e+000
 9.38830584707646e+000    2.70036952229611e+000
 9.44827586206896e+000    2.66723029963048e+000
 9.50224887556222e+000    2.64406278884526e+000
 9.55622188905547e+000    2.61090859363927e+000
 9.62818590704648e+000    2.56115484201974e+000
 9.69415292353823e+000    2.50805722305292e+000
 9.74212893553223e+000    2.45158579165810e+000
 9.78410794602699e+000    2.39509938772292e+000
 9.83208395802099e+000    2.32864127190732e+000
 9.86806596701649e+000    2.25216652659023e+000
 9.88605697151424e+000    2.20227802210746e+000
 9.90404797601200e+000    2.15904730723852e+000
 9.90404797601200e+000    2.11244277994159e+000
 9.90404797601200e+000    2.04586488380311e+000
 9.92803598200900e+000    1.99266245705376e+000
 9.91604197901049e+000    1.91939682622071e+000
 9.91604197901049e+000    1.84949003527531e+000
 9.90404797601200e+000    1.79286887847687e+000
 9.89205397301349e+000    1.71960324764382e+000
 9.86206896551724e+000    1.64296380438276e+000
 9.84407796101949e+000    1.60297214907859e+000
 9.84407796101949e+000    1.55969651658858e+000
 9.80809595202399e+000    1.50301546962870e+000
 9.79610194902549e+000    1.46303878686489e+000
 9.77811094452774e+000    1.41971823675379e+000
 9.75412293853073e+000    1.36972492448849e+000
 9.72413793103448e+000    1.32637442929667e+000
 9.71214392803598e+000    1.28306885172593e+000
 9.69415292353823e+000    1.24973498603561e+000
 9.66416791604198e+000    1.21970007007149e+000
 9.62818590704648e+000    1.17966349714623e+000
 9.60419790104947e+000    1.13632797449478e+000
 9.56221889055472e+000    1.07963195499454e+000
 9.53223388305847e+000    1.03628145980272e+000
 9.50224887556222e+000    1.00291764903168e+000
 9.47226386806597e+000    9.69553838260630e-001
 9.44827586206896e+000    9.29547210416097e-001
 9.39430284857571e+000    8.82807930255911e-001
 9.36431784107946e+000    8.42786329871017e-001
 9.33433283358321e+000    8.16080308713819e-001
 9.29235382308846e+000    7.69370973634355e-001
 9.23838080959520e+000    7.19302798667244e-001
 9.17841079460270e+000    6.62561861545925e-001
 9.09445277361319e+000    5.69143191386996e-001
 9.03448275862069e+000    5.25717833493373e-001
 9.00449775112444e+000    4.82367338301555e-001
 8.96251874062968e+000    4.52302477256711e-001
 8.93253373313343e+000    4.12280876871817e-001
 8.92653673163418e+000    3.75648061455291e-001
 8.91454272863568e+000    3.35671378691480e-001
 8.91454272863568e+000    3.25684694270708e-001
