 8.89655172413793e+000    2.77570635454576e+000
 8.97451274362819e+000    2.77590099757046e+000
 9.02848575712144e+000    2.76272017120601e+000
 9.08845577211394e+000    2.75954100180269e+000
 9.17241379310345e+000    2.73977724852620e+000
 9.21439280359820e+000    2.71657979266026e+000
 9.26236881559220e+000    2.70005509894853e+000
 9.30434782608696e+000    2.69350211711721e+000
 9.35232383808096e+000    2.67364852859855e+000
 9.40629685157421e+000    2.64382322819948e+000
 9.44827586206896e+000    2.61729687752662e+000
 9.50224887556222e+000    2.59745826154832e+000
 9.54422788605697e+000    2.55761633164776e+000
 9.57421289355322e+000    2.50109998263185e+000
 9.63418290854573e+000    2.45797407554545e+000
 9.66416791604198e+000    2.41810220056417e+000
 9.68215892053973e+000    2.38485817011601e+000
 9.69415292353823e+000    2.34494137751364e+000
 9.72413793103448e+000    2.31172729214620e+000
 9.72413793103448e+000    2.26179387004234e+000
 9.74812593703149e+000    2.21524923290685e+000
 9.74812593703149e+000    2.15865802118914e+000
 9.74812593703149e+000    2.11871128350605e+000
 9.75412293853073e+000    2.08543730797717e+000
 9.76611694152924e+000    2.05883609460250e+000
 9.74812593703149e+000    2.00219996526371e+000
 9.74812593703149e+000    1.95892433277369e+000
 9.73613193403298e+000    1.91894765000988e+000
 9.72413793103448e+000    1.87897096724607e+000
 9.72413793103448e+000    1.83569533475606e+000
 9.71214392803598e+000    1.77907417795763e+000
 9.68815592203898e+000    1.73240976049924e+000
 9.66416791604198e+000    1.69573202746164e+000
 9.64617691154423e+000    1.63576700331592e+000
 9.62218890554723e+000    1.58244479624369e+000
 9.59820089955022e+000    1.55242485281993e+000
 9.58620689655172e+000    1.51577706486304e+000
 9.56221889055472e+000    1.46911264740466e+000
 9.53223388305847e+000    1.43574883663361e+000
 9.51424287856072e+000    1.38577049690867e+000
 9.48425787106447e+000    1.34574889652378e+000
 9.45427286356822e+000    1.29906950652503e+000
 9.41829085457271e+000    1.26236182840670e+000
 9.38830584707646e+000    1.21901133321488e+000
 9.36431784107946e+000    1.17567581056343e+000
 9.32833583208396e+000    1.14562592205894e+000
 9.30434782608696e+000    1.10894818902133e+000
 9.26836581709145e+000    1.06225382648223e+000
 9.21439280359820e+000    1.01884344112897e+000
 9.18440779610195e+000    9.85479630357924e-001
 9.14242878560720e+000    9.32112505664611e-001
 9.09445277361319e+000    8.98703777272482e-001
 9.05247376311844e+000    8.45336652579170e-001
 9.01649175412294e+000    8.01971184846991e-001
 8.93853073463268e+000    7.51843119718436e-001
 8.85457271364318e+000    6.81726713207977e-001
 8.81859070464768e+000    6.35032350668873e-001
 8.75262368815592e+000    6.01578704655662e-001
 8.73463268365817e+000    5.74902628579186e-001
 8.70464767616192e+000    5.51525502228912e-001
 8.67466266866567e+000    5.24819481071715e-001
 8.63868065967016e+000    4.91440697760308e-001
 8.60269865067466e+000    4.51404124835053e-001
 8.56671664167916e+000    4.18025341523646e-001
 8.54272863568216e+000    3.84676503292961e-001
 8.51274362818591e+000    3.44654902908067e-001
 8.51274362818591e+000    3.28010428873446e-001
