 7.84707646176912e+000    1.82435114000922e+000
 7.87706146926537e+000    1.82442600271103e+000
 7.90704647676162e+000    1.82450086541283e+000
 7.93703148425787e+000    1.82124683330771e+000
 7.97901049475262e+000    1.82135164109024e+000
 8.00899550224888e+000    1.81476871417820e+000
 8.06296851574213e+000    1.81490346704145e+000
 8.12893553223388e+000    1.81506816498542e+000
 8.19490254872564e+000    1.80857507331554e+000
 8.24887556221889e+000    1.80870982617879e+000
 8.31484257871064e+000    1.79223005008814e+000
 8.37481259370315e+000    1.77240640665020e+000
 8.47076461769115e+000    1.76931707248906e+000
 8.53073463268366e+000    1.75615121866497e+000
 8.60869565217391e+000    1.73970138765504e+000
 8.68065967016492e+000    1.71657879449090e+000
 8.73463268365817e+000    1.68675349409184e+000
 8.79460269865067e+000    1.67025874546082e+000
 8.87256371814093e+000    1.63716444041628e+000
 8.90254872563718e+000    1.62392372389039e+000
 8.96851574212894e+000    1.59745726337896e+000
 9.02848575712144e+000    1.56764693552026e+000
 9.08845577211394e+000    1.54116550246847e+000
 9.12443778110945e+000    1.50796638964140e+000
 9.16041979010495e+000    1.48142506642817e+000
 9.20839580209895e+000    1.45158479348874e+000
 9.23238380809595e+000    1.41835573558094e+000
 9.29235382308846e+000    1.38854540772224e+000
 9.31034482758621e+000    1.36195916688793e+000
 9.34032983508246e+000    1.31875839709972e+000
 9.39430284857571e+000    1.27561751747295e+000
 9.41229385307346e+000    1.24237348702480e+000
 9.44827586206896e+000    1.20584547939080e+000
 9.46626686656672e+000    1.16261476452187e+000
 9.49625187406297e+000    1.10609841550596e+000
 9.52623688155922e+000    1.05291096129698e+000
 9.55022488755622e+000    1.01635300858226e+000
 9.57421289355322e+000    9.86452845481387e-001
 9.56221889055472e+000    9.39818373103728e-001
 9.58620689655172e+000    8.93273735968234e-001
 9.61019490254873e+000    8.66702467674285e-001
 9.62218890554723e+000    8.23456780264994e-001
 9.62218890554723e+000    7.66865568547284e-001
 9.65217391304348e+000    7.23664798759076e-001
 9.65217391304348e+000    6.83718061075987e-001
 9.66416791604198e+000    6.47130163280544e-001
 9.68215892053973e+000    6.03899448411613e-001
 9.70014992503748e+000    5.73984312770379e-001
 9.71214392803598e+000    5.34067520168012e-001
 9.73613193403298e+000    5.04167357067139e-001
 9.76611694152924e+000    4.60966587278930e-001
 9.80809595202399e+000    4.14466867764520e-001
 9.83808095952024e+000    3.77923887590160e-001
 9.88605697151424e+000    3.58070299071503e-001
 9.91604197901049e+000    3.51487372159460e-001
 9.94602698650675e+000    3.31588866019720e-001
 9.97601199400300e+000    3.28334833914601e-001
