 9.16041979010495e+000    2.80299630477704e+000
 9.21439280359820e+000    2.79980216283336e+000
 9.28035982008996e+000    2.79330907116349e+000
 9.35232383808096e+000    2.77684426761320e+000
 9.41229385307346e+000    2.77366509820988e+000
 9.46626686656672e+000    2.74716869261774e+000
 9.52623688155922e+000    2.71735836475903e+000
 9.59820089955022e+000    2.69756466640182e+000
 9.68215892053973e+000    2.64451196505609e+000
 9.74212893553223e+000    2.61137274239046e+000
 9.77211394302849e+000    2.57150086740917e+000
 9.82008995502249e+000    2.50504275159358e+000
 9.86806596701649e+000    2.48518916307492e+000
 9.89805097451274e+000    2.43865949847979e+000
 9.92803598200900e+000    2.38214314946388e+000
 9.96401799100450e+000    2.31232619376064e+000
 9.97001499250375e+000    2.25242105977637e+000
 9.97001499250375e+000    2.19915874286558e+000
 9.99400299850075e+000    2.14595631611624e+000
 1.00239880059970e+001    2.06613770345187e+000
 1.00239880059970e+001    2.00288870212031e+000
 1.00239880059970e+001    1.93298191117491e+000
 1.00299850074963e+001    1.85976119796294e+000
 1.00299850074963e+001    1.81981446027985e+000
 1.00239880059970e+001    1.74656380198716e+000
 1.00179910044978e+001    1.68995761772908e+000
 1.00179910044978e+001    1.63003751120445e+000
 1.00000000000000e+001    1.57007248705873e+000
 9.98800599700150e+000    1.52343801468107e+000
 1.00000000000000e+001    1.48352122207871e+000
 9.99400299850075e+000    1.43690172224141e+000
 9.97001499250375e+000    1.37026393594148e+000
 9.96401799100450e+000    1.32031554129726e+000
 9.96401799100450e+000    1.24707985554493e+000
 9.94602698650675e+000    1.21041709504768e+000
 9.95202398800600e+000    1.16382754029111e+000
 9.92803598200900e+000    1.12049201763965e+000
 9.91604197901049e+000    1.07718644006891e+000
 9.89805097451274e+000    9.90590257467804e-001
 9.88605697151424e+000    9.33969100669372e-001
 9.87406296851574e+000    8.67361259450168e-001
 9.85007496251874e+000    7.87407893922546e-001
 9.83208395802099e+000    7.27442869776829e-001
 9.83808095952024e+000    6.90839999441025e-001
 9.86206896551724e+000    6.07677519429367e-001
 9.87406296851574e+000    5.51116252792379e-001
 9.91604197901049e+000    5.07945428084892e-001
 9.92803598200900e+000    4.68028635482525e-001
 9.96401799100450e+000    4.14856153813905e-001
 1.00239880059970e+001    3.91703615569046e-001
 1.01199400299850e+001    3.75298702180202e-001
 1.01799100449775e+001    3.58803953549191e-001
 1.02338830584708e+001    3.35636442763971e-001
 1.02938530734633e+001    3.29128378553732e-001
 1.03178410794603e+001    3.19201584294404e-001
