 6.99550224887556e+000    2.06856325499035e+000
 7.05547226386807e+000    2.06871298039396e+000
 7.13943028485757e+000    2.06226480634516e+000
 7.21739130434783e+000    2.05247276494908e+000
 7.28935532233883e+000    2.03600796139879e+000
 7.35532233883058e+000    2.01952818530815e+000
 7.45727136431784e+000    1.99648045484581e+000
 7.53523238380810e+000    1.97337283422204e+000
 7.60719640179910e+000    1.92361908260251e+000
 7.67916041979010e+000    1.90382538424529e+000
 7.75712143928036e+000    1.85408660516613e+000
 7.79910044977511e+000    1.82090246487941e+000
 7.82908545727136e+000    1.77437280028428e+000
 7.88905547226387e+000    1.71460241916325e+000
 7.91904047976012e+000    1.67140164937505e+000
 7.95502248875562e+000    1.61490027289950e+000
 7.98500749625187e+000    1.55505502907667e+000
 8.02698650674663e+000    1.47193746668610e+000
 8.04497751124438e+000    1.42537785701024e+000
 8.06296851574213e+000    1.33887150965130e+000
 8.08695652173913e+000    1.29565576732273e+000
 8.08695652173913e+000    1.22907787118425e+000
 8.09295352323838e+000    1.10925263067534e+000
 8.10494752623688e+000    1.07266473287990e+000
 8.10494752623688e+000    1.02273131077604e+000
 8.12893553223388e+000    9.62871094412847e-001
 8.13493253373313e+000    9.12952644849346e-001
 8.12893553223388e+000    8.59675355398200e-001
 8.13493253373313e+000    8.26401379869320e-001
 8.14692653673163e+000    7.46537849583863e-001
 8.17691154422789e+000    6.83363710954110e-001
 8.21289355322339e+000    6.06888965637022e-001
 8.26686656671664e+000    5.73734770431029e-001
 8.29685157421289e+000    5.43849579870518e-001
 8.35682158920540e+000    4.90736988363342e-001
 8.42878560719640e+000    4.57627710778432e-001
 8.56671664167916e+000    4.18025341523646e-001
 8.63268365817092e+000    3.94887775819148e-001
 8.69265367316342e+000    3.75064132381213e-001
 8.81859070464768e+000    3.58734081694173e-001
 8.90254872563718e+000    3.42299223224606e-001
 9.01649175412294e+000    3.29268122263768e-001
 9.06446776611694e+000    3.26059007779732e-001
