 7.40929535232384e+000    2.13617425641374e+000
 7.44527736131934e+000    2.12960630204205e+000
 7.52923538230885e+000    2.12648702280018e+000
 7.60719640179910e+000    2.10337940217641e+000
 7.65517241379310e+000    2.07686802404390e+000
 7.73913043478261e+000    2.05377537596049e+000
 7.80509745127436e+000    2.02065112583522e+000
 7.86506746626687e+000    1.99749858759036e+000
 7.94302848575712e+000    1.94110201889734e+000
 7.97901049475262e+000    1.89458732684257e+000
 7.99700149925038e+000    1.86134329639441e+000
 8.04497751124438e+000    1.80820075980651e+000
 8.06296851574213e+000    1.75831225532374e+000
 8.07496251874063e+000    1.72172435752829e+000
 8.10494752623688e+000    1.64856353447777e+000
 8.09895052473763e+000    1.59861513983355e+000
 8.11694152923538e+000    1.54539774054384e+000
 8.12293853073463e+000    1.49547929098034e+000
 8.10494752623688e+000    1.42552758241385e+000
 8.10494752623688e+000    1.38225194992384e+000
 8.07496251874063e+000    1.32558587550433e+000
 8.07496251874063e+000    1.28231024301431e+000
 8.08695652173913e+000    1.21243339714963e+000
 8.05697151424288e+000    1.15909621753704e+000
 8.03298350824588e+000    1.09911622085096e+000
 8.01499250374813e+000    1.02916451228447e+000
 7.97901049475262e+000    9.62496780903822e-001
 7.95502248875562e+000    9.32476837480062e-001
 7.95502248875562e+000    9.05845679024669e-001
 7.92503748125937e+000    8.55837394219002e-001
 7.91304347826087e+000    7.89229552999798e-001
 7.90704647676162e+000    7.39281158355576e-001
 7.88305847076462e+000    6.75972266862574e-001
 7.85907046476762e+000    6.45952323438813e-001
 7.81709145427286e+000    5.82598514324728e-001
 7.82308845577211e+000    5.49324538795848e-001
 7.83508245877061e+000    5.12736641000405e-001
 7.86506746626687e+000    4.49562502370652e-001
 7.91904047976012e+000    3.93106043516191e-001
 7.98500749625187e+000    3.63310688197845e-001
 8.02698650674663e+000    3.50099916752676e-001
 8.06896551724138e+000    3.40218040114430e-001
 8.12293853073463e+000    3.23708318943058e-001
