 6.71964017991005e+000    2.07453230774759e+000
 6.74362818590705e+000    2.06793440829519e+000
 6.77961019490255e+000    2.06469534873043e+000
 6.82758620689655e+000    2.05815733943947e+000
 6.88155922038981e+000    2.06494988191657e+000
 6.95352323838081e+000    2.05514286798012e+000
 7.00749625187406e+000    2.04529093642260e+000
 7.04347826086957e+000    2.04538077166477e+000
 7.10944527736132e+000    2.02890099557412e+000
 7.16941529235382e+000    2.02239293136388e+000
 7.22338830584708e+000    1.99589652577173e+000
 7.26536731634183e+000    1.97935685951964e+000
 7.31934032983508e+000    1.95951824354135e+000
 7.37931034482759e+000    1.93969460010341e+000
 7.40929535232384e+000    1.91313830434982e+000
 7.45727136431784e+000    1.87996913660347e+000
 7.48125937031484e+000    1.87004234234414e+000
 7.50524737631184e+000    1.85012886366404e+000
 7.53523238380810e+000    1.82024367310353e+000
 7.58320839580210e+000    1.78374561055025e+000
 7.61319340329835e+000    1.75718931479666e+000
 7.63118440779610e+000    1.70397191550696e+000
 7.66116941529235e+000    1.69073119898107e+000
 7.67316341829086e+000    1.65081440637870e+000
 7.69115442278861e+000    1.62422816554439e+000
 7.70914542728636e+000    1.58765524028931e+000
 7.72113943028486e+000    1.55772513210771e+000
 7.73913043478261e+000    1.51449441723878e+000
 7.75112443778111e+000    1.48789320386411e+000
 7.75112443778111e+000    1.40799972849793e+000
 7.76311844077961e+000    1.36142514628172e+000
 7.76911544227886e+000    1.31483559152514e+000
 7.76911544227886e+000    1.26157327461436e+000
 7.76911544227886e+000    1.20498206289665e+000
 7.75112443778111e+000    1.13170145952323e+000
 7.75112443778111e+000    1.08509693222630e+000
 7.74512743628186e+000    1.02183295835438e+000
 7.71514242878561e+000    9.68495778741788e-001
 7.71514242878561e+000    9.28549041058698e-001
 7.70914542728636e+000    9.08560699676793e-001
 7.69115442278861e+000    8.78555728793393e-001
 7.66116941529235e+000    8.25218549180802e-001
 7.66116941529235e+000    7.91929601111561e-001
 7.64317841079460e+000    7.48609051000465e-001
 7.59520239880060e+000    6.75253584925247e-001
 7.55922038980510e+000    6.21901432772296e-001
 7.53523238380810e+000    5.85223699734687e-001
 7.53523238380810e+000    5.48605856858521e-001
 7.50524737631184e+000    5.05255361666703e-001
 7.50524737631184e+000    4.75295308404386e-001
 7.48725637181409e+000    4.15330284258670e-001
 7.48725637181409e+000    3.58739072540960e-001
 7.49925037481259e+000    3.15493385131669e-001
