 6.81559220389805e+000    2.05479849955182e+000
 6.87556221889056e+000    2.05161933014851e+000
 6.95952023988006e+000    2.04517115609971e+000
 7.05547226386807e+000    2.03542403232472e+000
 7.16341829085457e+000    2.00573348478890e+000
 7.27736131934033e+000    1.99270238382806e+000
 7.34332833583208e+000    1.96956481812356e+000
 7.43328335832084e+000    1.93650045815974e+000
 7.50524737631184e+000    1.89673339096098e+000
 7.61919040479760e+000    1.82378218347551e+000
 7.67916041979010e+000    1.77399848677525e+000
 7.71514242878561e+000    1.72082600510663e+000
 7.77511244377811e+000    1.67104230840638e+000
 7.80509745127436e+000    1.62784153861817e+000
 7.83508245877061e+000    1.58796966363689e+000
 7.86506746626687e+000    1.53145331462099e+000
 7.88905547226387e+000    1.48823757229242e+000
 7.92503748125937e+000    1.43839398543072e+000
 7.92503748125937e+000    1.37181608929224e+000
 7.96701649175412e+000    1.32198747497090e+000
 7.97301349325337e+000    1.27872681502125e+000
 7.98500749625187e+000    1.21217886396349e+000
 8.01499250374813e+000    1.14567583052681e+000
 8.02698650674663e+000    1.08911456388983e+000
 8.03898050974513e+000    1.01257992841129e+000
 8.03898050974513e+000    9.59317611500508e-001
 8.04497751124438e+000    8.66123529446994e-001
 8.08695652173913e+000    8.39597178774128e-001
 8.09295352323838e+000    7.96336518824476e-001
 8.11694152923538e+000    7.33147407654362e-001
 8.12893553223388e+000    6.93230615051995e-001
 8.16491754122939e+000    6.26742554155678e-001
 8.19490254872564e+000    5.80212889560546e-001
 8.22488755622189e+000    5.40341014579262e-001
 8.30884557721139e+000    4.97274997654302e-001
 8.36281859070465e+000    4.67449697255234e-001
 8.46476761619190e+000    4.27757492758281e-001
 8.52473763118441e+000    4.01276059706498e-001
 8.61469265367316e+000    3.91513963391141e-001
 8.70464767616192e+000    3.68436287848087e-001
 8.77661169415292e+000    3.48642589490874e-001
 8.85457271364318e+000    3.32192758480946e-001
 8.91454272863568e+000    3.19026904656859e-001
