 8.55472263868066e+000    2.22225638179579e+000
 8.61469265367316e+000    2.22240610719940e+000
 8.66266866566717e+000    2.21586809790844e+000
 8.72863568215892e+000    2.20604611143163e+000
 8.79460269865067e+000    2.20621080937561e+000
 8.85457271364318e+000    2.19637385035844e+000
 8.90854572713643e+000    2.17653523438015e+000
 8.97451274362819e+000    2.15672656348257e+000
 9.04647676161919e+000    2.14691954954613e+000
 9.11244377811094e+000    2.12378198384163e+000
 9.17241379310345e+000    2.09730055078985e+000
 9.24437781109445e+000    2.07417795762571e+000
 9.32233883058471e+000    2.03442586296732e+000
 9.35832083958021e+000    2.00788453975409e+000
 9.41229385307346e+000    1.96474366012733e+000
 9.47226386806597e+000    1.93493333226862e+000
 9.52623688155922e+000    1.87514797860723e+000
 9.55622188905547e+000    1.84193389323980e+000
 9.61619190404798e+000    1.77550572250493e+000
 9.65817091454273e+000    1.73566379260436e+000
 9.68815592203898e+000    1.65917407474691e+000
 9.72413793103448e+000    1.59268601385060e+000
 9.74212893553223e+000    1.54279750936782e+000
 9.75412293853073e+000    1.50953850637930e+000
 9.77211394302849e+000    1.44633442266883e+000
 9.78410794602699e+000    1.38644426122491e+000
 9.81409295352324e+000    1.29996785894669e+000
 9.81409295352324e+000    1.26002112126360e+000
 9.81409295352324e+000    1.19344322512512e+000
 9.81409295352324e+000    1.12686532898664e+000
 9.84407796101949e+000    1.08366455919843e+000
 9.84407796101949e+000    1.04371782151534e+000
 9.83208395802099e+000    9.80438875103061e-001
 9.82608695652174e+000    9.43806059686535e-001
 9.83208395802099e+000    8.80572030895338e-001
 9.82608695652174e+000    7.87348003761102e-001
 9.83208395802099e+000    7.27442869776829e-001
 9.84407796101949e+000    6.60894918719069e-001
 9.85607196401799e+000    5.97675862468233e-001
 9.92203898050975e+000    5.17947085046026e-001
 9.96401799100450e+000    4.64789575917767e-001
 1.00359820089955e+001    4.28351403525933e-001
 1.01019490254873e+001    3.98556048207587e-001
 1.02218890554723e+001    3.55579866524794e-001
 1.03118440779610e+001    3.45817770209436e-001
 1.03658170914543e+001    3.32636943844988e-001
