 8.35682158920540e+000    2.02202859954843e+000
 8.39280359820090e+000    2.01546064517675e+000
 8.45877061469265e+000    2.00896755350687e+000
 8.57871064467766e+000    1.99928031989332e+000
 8.64467766116942e+000    1.98945833341651e+000
 8.70464767616192e+000    1.97296358478550e+000
 8.78260869565217e+000    1.94319817454788e+000
 8.87856071964018e+000    1.91680657673826e+000
 8.94452773613193e+000    1.89366901103376e+000
 9.00449775112444e+000    1.86718757798198e+000
 9.05247376311844e+000    1.84400509465640e+000
 9.11244377811094e+000    1.81086587199077e+000
 9.14242878560720e+000    1.77765178662333e+000
 9.18440779610195e+000    1.74113875152969e+000
 9.25637181409295e+000    1.67474052587554e+000
 9.26236881559220e+000    1.64146655034666e+000
 9.29835082458771e+000    1.59495185829189e+000
 9.31634182908546e+000    1.54839224861604e+000
 9.34632683658171e+000    1.50186258402091e+000
 9.36431784107946e+000    1.44864518473120e+000
 9.36431784107946e+000    1.39205397301349e+000
 9.37631184407796e+000    1.34215049599035e+000
 9.37631184407796e+000    1.30220375830726e+000
 9.39430284857571e+000    1.24565746421064e+000
 9.36431784107946e+000    1.17567581056343e+000
 9.36431784107946e+000    1.11575570403879e+000
 9.33433283358321e+000    1.06574741923313e+000
 9.33433283358321e+000    1.02580068155004e+000
 9.30434782608696e+000    9.82450186358219e-001
 9.30434782608696e+000    9.29187869447433e-001
 9.30434782608696e+000    8.85912236957420e-001
 9.27436281859070e+000    8.42561741765602e-001
 9.23838080959520e+000    7.92538484419574e-001
 9.22638680659670e+000    7.45904012041915e-001
 9.17841079460270e+000    6.99179704422090e-001
 9.17241379310345e+000    6.59217994198640e-001
 9.12443778110945e+000    5.95849212544194e-001
 9.10644677661169e+000    5.42541978012325e-001
 9.11244377811094e+000    4.99281318062673e-001
 9.09445277361319e+000    4.49302978337729e-001
 9.09445277361319e+000    4.09356240654639e-001
 9.12443778110945e+000    3.66155470866431e-001
 9.16641679160420e+000    3.36300225386641e-001
 9.20839580209895e+000    3.33076138362244e-001
 9.23838080959520e+000    3.19835421836352e-001
